0.0378599273335766
0.0384632072464099
0.0389675787210607
0.039392312079359
0.039749953655015
0.0400527441452641
0.0403077475057959
0.04052100742673
0.0406970373222821
0.0408416418605253
0.0409575563849321
0.041047956642303
0.0411159601866681
0.0411642310388277
0.0411942204033396
0.0412089640846445
0.0412093617617113
0.0411973121257537
0.0411746935646453
0.041142646592195
0.0411009739281214
0.0410528442322465
0.0409986048649687
0.0409381000967468
0.0408724193046809
0.0408037605968797
0.0407310272736311
0.0406553441560672
0.0405771624805718
0.0404975521899804
0.0404161059426597
0.0403338159003424
0.0402502586846977
0.0401665763288203
0.0400825821215571
0.0399989120467549
0.0399145147641629
0.0398308290199928
0.0397481564036299
0.0396663239974633
0.039584125667696
0.0395037546388624
0.039424920382293
0.0393467604266417
0.0392694228821305
0.0391943023365412
0.0391199157633114
0.0390472000612964
0.0389761681473331
0.0389062675347959
0.0388375819299063
0.0387715048012269
0.0387063608861645
0.0386424588095691
0.0385807133221703
0.0385208095131221
0.0384617078464539
0.038404601003042
0.0383491976718025
0.0382953062424056
0.0382428557502568
0.0381922263348768
0.0381430867795058
0.0380954668510755
0.0380490785153824
0.0380043646235389
0.0379611841552438
0.0379194375325673
0.0378788395465238
0.0378396303387278
0.0378018036143907
0.0377653504544893
0.0377299488041224
0.0376957584843826
0.0376627811271359
0.0376309515421759
0.0376001002912801
0.0375703115162486
0.0375415017136225
0.0375136231883656
